255 255 255 255 255 255 255 255 255 255 255 255 255 255 255 255
255 255 255 255 255 255 255 255 255 255 255 255 255 255 255 255
255 255   0   0   0   0   0   0   0   0   0   0   0   0 255 255
255 255   0   0   0   0   0   0   0   0   0   0   0   0 255 255
255 255   0   0   0   0   0   0   0   0   0   0   0   0 255 255
255 255   0   0   0 255 255 255 255 255 255   0   0   0 255 255
255 255   0   0   0 255 255 255 255 255 255   0   0   0 255 255
255 255   0   0   0 255 255  80 255 255 255   0   0   0 255 255
255 255   0   0   0 252 254 238 253 253 254   0   0   0 255 255
255 255   0   0   0 255 255 255 255 255 255   0   0   0 255 255
255 255   0   0   0 255 255 255 255 255 255   0   0   0 255 255
255 255   0   0   0   0   0   0   0   0   0   0   0   0 255 255
255 255   0   0   0   0   0   0   0   0   0   0   0   0 255 255
255 255   0   0   0   0   0   0   0   0   0   0   0   0 255 255
255 255 255 255 255 255 255 255 255 255 255 255 255 255 255 255
255 255 255 255 255 255 255 255 255 255 255 255 255 255 255 255
255 255 255 255 255 255 255 255 255 255 255 255 255 255 255 255
255 255 255 255 255 255 255 255 255 255 255 255 255 255 255 255
255 255   0   0   0   0   0   0   0   0   0   0   0   0 255 255
255 255   0   0   0   0   0   0   0   0   0   0   0   0 255 255
255 255   0   0   0   0   0   0   0   0   0   0   0   0 255 255
255 255   0   0   0 255 255 255 255 255 255   0   0   0 255 255
255 255   0   0   0 255 255 255 255 255 255   0   0   0 255 255
255 255   0   0   0 255 255  80 255 255 255   0   0   0 255 255
255 255   0   0   0 252 254 238 253 253 254   0   0   0 255 255
255 255   0   0   0 255 255 255 255 255 255   0   0   0 255 255
255 255   0   0   0 255 255 255 255 255 255   0   0   0 255 255
255 255   0   0   0   0   0   0   0   0   0   0   0   0 255 255
255 255   0   0   0   0   0   0   0   0   0   0   0   0 255 255
255 255   0   0   0   0   0   0   0   0   0   0   0   0 255 255
255 255 255 255 255 255 255 255 255 255 255 255 255 255 255 255
255 255 255 255 255 255 255 255 255 255 255 255 255 255 255 255
255 255 255 255 255 255 255 255 255 255 255 255 255 255 255 255
255 255 255 255 255 255 255 255 255 255 255 255 255 255 255 255
255 255   0   0   0   0   0   0   0   0   0   0   0   0 255 255
255 255   0   0   0   0   0   0   0   0   0   0   0   0 255 255
255 255   0   0   0   0   0   0   0   0   0   0   0   0 255 255
255 255   0   0   0 255 255 255 255 255 255   0   0   0 255 255
255 255   0   0   0 255 255 255 255 255 255   0   0   0 255 255
255 255   0   0   0 255 255  80 255 255 255   0   0   0 255 255
255 255   0   0   0 252 254 238 253 253 254   0   0   0 255 255
255 255   0   0   0 255 255 255 255 255 255   0   0   0 255 255
255 255   0   0   0 255 255 255 255 255 255   0   0   0 255 255
255 255   0   0   0   0   0   0   0   0   0   0   0   0 255 255
255 255   0   0   0   0   0   0   0   0   0   0   0   0 255 255
255 255   0   0   0   0   0   0   0   0   0   0   0   0 255 255
255 255 255 255 255 255 255 255 255 255 255 255 255 255 255 255
255 255 255 255 255 255 255 255 255 255 255 255 255 255 255 255

255 255 255 255 255 255 255 255 255 255 255 255 255 255 255 255
255 255 255 255 255 255 255 255 255 255 255 255 255 255 255 255
255 255   0   0   0   0   0   0   0   0   0   0   0   0 255 255
255 255   0   0   0   0   0   0   0   0   0   0   0   0 255 255
255 255   0   0   0   0   0   0   0   0   0   0   0   0 255 255
255 255   0   0   0 255 255 255 254 255 255   0   0   0 255 255
255 255   0   0   0 255 255 255 253 255 255   0   0   0 255 255
255 255   0   0   0 255 255 255 253 255 255   0   0   0 255 255
255 255   0   0   0 255 255  80 238 255 255   0   0   0 255 255
255 255   0   0   0 255 255 255 254 255 255   0   0   0 255 255
255 255   0   0   0 255 255 255 252 255 255   0   0   0 255 255
255 255   0   0   0   0   0   0   0   0   0   0   0   0 255 255
255 255   0   0   0   0   0   0   0   0   0   0   0   0 255 255
255 255   0   0   0   0   0   0   0   0   0   0   0   0 255 255
255 255 255 255 255 255 255 255 255 255 255 255 255 255 255 255
255 255 255 255 255 255 255 255 255 255 255 255 255 255 255 255
255 255 255 255 255 255 255 255 255 255 255 255 255 255 255 255
255 255 255 255 255 255 255 255 255 255 255 255 255 255 255 255
255 255   0   0   0   0   0   0   0   0   0   0   0   0 255 255
255 255   0   0   0   0   0   0   0   0   0   0   0   0 255 255
255 255   0   0   0   0   0   0   0   0   0   0   0   0 255 255
255 255   0   0   0 255 255 255 254 255 255   0   0   0 255 255
255 255   0   0   0 255 255 255 253 255 255   0   0   0 255 255
255 255   0   0   0 255 255 255 253 255 255   0   0   0 255 255
255 255   0   0   0 255 255  80 238 255 255   0   0   0 255 255
255 255   0   0   0 255 255 255 254 255 255   0   0   0 255 255
255 255   0   0   0 255 255 255 252 255 255   0   0   0 255 255
255 255   0   0   0   0   0   0   0   0   0   0   0   0 255 255
255 255   0   0   0   0   0   0   0   0   0   0   0   0 255 255
255 255   0   0   0   0   0   0   0   0   0   0   0   0 255 255
255 255 255 255 255 255 255 255 255 255 255 255 255 255 255 255
255 255 255 255 255 255 255 255 255 255 255 255 255 255 255 255
255 255 255 255 255 255 255 255 255 255 255 255 255 255 255 255
255 255 255 255 255 255 255 255 255 255 255 255 255 255 255 255
255 255   0   0   0   0   0   0   0   0   0   0   0   0 255 255
255 255   0   0   0   0   0   0   0   0   0   0   0   0 255 255
255 255   0   0   0   0   0   0   0   0   0   0   0   0 255 255
255 255   0   0   0 255 255 255 254 255 255   0   0   0 255 255
255 255   0   0   0 255 255 255 253 255 255   0   0   0 255 255
255 255   0   0   0 255 255 255 253 255 255   0   0   0 255 255
255 255   0   0   0 255 255  80 238 255 255   0   0   0 255 255
255 255   0   0   0 255 255 255 254 255 255   0   0   0 255 255
255 255   0   0   0 255 255 255 252 255 255   0   0   0 255 255
255 255   0   0   0   0   0   0   0   0   0   0   0   0 255 255
255 255   0   0   0   0   0   0   0   0   0   0   0   0 255 255
255 255   0   0   0   0   0   0   0   0   0   0   0   0 255 255
255 255 255 255 255 255 255 255 255 255 255 255 255 255 255 255
255 255 255 255 255 255 255 255 255 255 255 255 255 255 255 255

255 255 255 255 255 255 255 255 255 255 255 255 255 255 255 255
255 214 153 153 153 153 153 153 153 153 153 153 153 153 214 255
255 153   0   0   0   0   0   0   0   0   0   0   0   0 153 255
255 153   0   0   0   0   0   0   0   0   0   0   0   0 153 255
255 153   0   0  11  52  52  52  52  52  52  11   0   0 153 255
255 153   0   0  52 255 255 255 255 255 255  52   0   0 153 255
255 153   0   0  52 255 255 255 255 255 255  52   0   0 153 255
255 153   0   0  52 227 199 198 193 196 226  52   0   0 153 255
255 153   0   0  52 226 173 159 172 185 221  52   0   0 153 255
255 153   0   0  52 254 254 254 254 254 254  52   0   0 153 255
255 153   0   0  52 255 255 255 255 255 255  52   0   0 153 255
255 153   0   0  11  52  52  52  52  52  52  11   0   0 153 255
255 153   0   0   0   0   0   0   0   0   0   0   0   0 153 255
255 153   0   0   0   0   0   0   0   0   0   0   0   0 153 255
255 214 153 153 153 153 153 153 153 153 153 153 153 153 214 255
255 255 255 255 255 255 255 255 255 255 255 255 255 255 255 255
255 255 255 255 255 255 255 255 255 255 255 255 255 255 255 255
255 214 153 153 153 153 153 153 153 153 153 153 153 153 214 255
255 153   0   0   0   0   0   0   0   0   0   0   0   0 153 255
255 153   0   0   0   0   0   0   0   0   0   0   0   0 153 255
255 153   0   0  11  52  52  52  52  52  52  11   0   0 153 255
255 153   0   0  52 255 255 255 255 255 255  52   0   0 153 255
255 153   0   0  52 255 255 255 255 255 255  52   0   0 153 255
255 153   0   0  52 227 199 198 193 196 226  52   0   0 153 255
255 153   0   0  52 226 173 159 172 185 221  52   0   0 153 255
255 153   0   0  52 254 254 254 254 254 254  52   0   0 153 255
255 153   0   0  52 255 255 255 255 255 255  52   0   0 153 255
255 153   0   0  11  52  52  52  52  52  52  11   0   0 153 255
255 153   0   0   0   0   0   0   0   0   0   0   0   0 153 255
255 153   0   0   0   0   0   0   0   0   0   0   0   0 153 255
255 214 153 153 153 153 153 153 153 153 153 153 153 153 214 255
255 255 255 255 255 255 255 255 255 255 255 255 255 255 255 255
255 255 255 255 255 255 255 255 255 255 255 255 255 255 255 255
255 214 153 153 153 153 153 153 153 153 153 153 153 153 214 255
255 153   0   0   0   0   0   0   0   0   0   0   0   0 153 255
255 153   0   0   0   0   0   0   0   0   0   0   0   0 153 255
255 153   0   0  11  52  52  52  52  52  52  11   0   0 153 255
255 153   0   0  52 255 255 255 255 255 255  52   0   0 153 255
255 153   0   0  52 255 255 255 255 255 255  52   0   0 153 255
255 153   0   0  52 227 199 198 193 196 226  52   0   0 153 255
255 153   0   0  52 226 173 159 172 185 221  52   0   0 153 255
255 153   0   0  52 254 254 254 254 254 254  52   0   0 153 255
255 153   0   0  52 255 255 255 255 255 255  52   0   0 153 255
255 153   0   0  11  52  52  52  52  52  52  11   0   0 153 255
255 153   0   0   0   0   0   0   0   0   0   0   0   0 153 255
255 153   0   0   0   0   0   0   0   0   0   0   0   0 153 255
255 214 153 153 153 153 153 153 153 153 153 153 153 153 214 255
255 255 255 255 255 255 255 255 255 255 255 255 255 255 255 255

255 255 255 255 255 255 255 255 255 255 255 255 255 255 255 255
255 214 153 153 153 153 153 153 153 153 153 153 153 153 214 255
255 153   0   0   0   0   0   0   0   0   0   0   0   0 153 255
255 153   0   0   0   0   0   0   0   0   0   0   0   0 153 255
255 153   0   0  11  52  52  52  52  52  52  11   0   0 153 255
255 153   0   0  52 255 255 226 221 254 255  52   0   0 153 255
255 153   0   0  52 255 255 196 185 254 255  52   0   0 153 255
255 153   0   0  52 255 255 193 172 254 255  52   0   0 153 255
255 153   0   0  52 255 255 198 159 254 255  52   0   0 153 255
255 153   0   0  52 255 255 199 173 254 255  52   0   0 153 255
255 153   0   0  52 255 255 227 226 254 255  52   0   0 153 255
255 153   0   0  11  52  52  52  52  52  52  11   0   0 153 255
255 153   0   0   0   0   0   0   0   0   0   0   0   0 153 255
255 153   0   0   0   0   0   0   0   0   0   0   0   0 153 255
255 214 153 153 153 153 153 153 153 153 153 153 153 153 214 255
255 255 255 255 255 255 255 255 255 255 255 255 255 255 255 255
255 255 255 255 255 255 255 255 255 255 255 255 255 255 255 255
255 214 153 153 153 153 153 153 153 153 153 153 153 153 214 255
255 153   0   0   0   0   0   0   0   0   0   0   0   0 153 255
255 153   0   0   0   0   0   0   0   0   0   0   0   0 153 255
255 153   0   0  11  52  52  52  52  52  52  11   0   0 153 255
255 153   0   0  52 255 255 226 221 254 255  52   0   0 153 255
255 153   0   0  52 255 255 196 185 254 255  52   0   0 153 255
255 153   0   0  52 255 255 193 172 254 255  52   0   0 153 255
255 153   0   0  52 255 255 198 159 254 255  52   0   0 153 255
255 153   0   0  52 255 255 199 173 254 255  52   0   0 153 255
255 153   0   0  52 255 255 227 226 254 255  52   0   0 153 255
255 153   0   0  11  52  52  52  52  52  52  11   0   0 153 255
255 153   0   0   0   0   0   0   0   0   0   0   0   0 153 255
255 153   0   0   0   0   0   0   0   0   0   0   0   0 153 255
255 214 153 153 153 153 153 153 153 153 153 153 153 153 214 255
255 255 255 255 255 255 255 255 255 255 255 255 255 255 255 255
255 255 255 255 255 255 255 255 255 255 255 255 255 255 255 255
255 214 153 153 153 153 153 153 153 153 153 153 153 153 214 255
255 153   0   0   0   0   0   0   0   0   0   0   0   0 153 255
255 153   0   0   0   0   0   0   0   0   0   0   0   0 153 255
255 153   0   0  11  52  52  52  52  52  52  11   0   0 153 255
255 153   0   0  52 255 255 226 221 254 255  52   0   0 153 255
255 153   0   0  52 255 255 196 185 254 255  52   0   0 153 255
255 153   0   0  52 255 255 193 172 254 255  52   0   0 153 255
255 153   0   0  52 255 255 198 159 254 255  52   0   0 153 255
255 153   0   0  52 255 255 199 173 254 255  52   0   0 153 255
255 153   0   0  52 255 255 227 226 254 255  52   0   0 153 255
255 153   0   0  11  52  52  52  52  52  52  11   0   0 153 255
255 153   0   0   0   0   0   0   0   0   0   0   0   0 153 255
255 153   0   0   0   0   0   0   0   0   0   0   0   0 153 255
255 214 153 153 153 153 153 153 153 153 153 153 153 153 214 255
255 255 255 255 255 255 255 255 255 255 255 255 255 255 255 255
